%YAML:1.0
affineTransform: !!opencv-matrix
   rows: 3
   cols: 4
   dt: d
   data: [ 1.0078635645285647e+00, 1.3465853127991348e-01,
       -1.6280872092782228e-02, 2.9233702172869702e-01,
       7.1875933315450669e-02, -2.1479225134598129e-03,
       -7.2082498723161914e-01, 2.0458068416189832e+00,
       1.2801429567454570e-01, -1.0029561894177017e+00,
       3.7300243672897068e-02, 9.8973777937439555e-02 ]
