%YAML:1.0
affineTransform: !!opencv-matrix
   rows: 3
   cols: 4
   dt: d
   data: [ 9.7064436092268647e-01, 1.5287653322935063e-01,
       3.6153518018430829e-02, 2.6742870032680505e-01,
       -8.2156241665459850e-01, 8.7024334032020501e-01,
       -1.4628129166254991e+00, 3.8633179689224080e+00,
       7.9862984452798172e-02, -9.3585179030958709e-01,
       -2.7199676640927706e-02, 9.4226981432517370e-02 ]
