%YAML:1.0
affineTransform: !!opencv-matrix
   rows: 3
   cols: 4
   dt: d
   data: [ 9.9690265043949622e-01, 1.1834534314010382e-01,
       -5.5981165068034744e-03, 3.0861799361378378e-01,
       -5.7862825253000183e-02, 7.7343400216802694e-02,
       -6.1849362922323081e-01, 2.1495334023163299e+00,
       1.3961121512805516e-01, -9.9992025593108014e-01,
       4.3239801033591374e-02, 7.7910731990042725e-02 ]
