%YAML:1.0
calibration_time: "Thu Dec 22 14:15:35 2016"
image_width: 1280
image_height: 1024
flags: 0
camera_matrix: !!opencv-matrix
   rows: 3
   cols: 3
   dt: d
   data: [ 3.6890003766236837e+03, 0., 7.0081760035958746e+02, 0.,
       3.6941129012319175e+03, 4.8875366022991591e+02, 0., 0., 1. ]
distortion_coefficients: !!opencv-matrix
   rows: 1
   cols: 5
   dt: d
   data: [ -2.6210048117985734e+00, 6.3035280496658466e+01,
       -1.0917833587983853e-02, -1.8304958839830223e-03,
       -6.7616543085509420e+02 ]
avg_reprojection_error: 3.6856082916584234e+00
