%YAML:1.0
calibration_time: "Thu Jan 12 13:18:30 2017"
image_width: 1280
image_height: 1024
flags: 0
camera_matrix: !!opencv-matrix
   rows: 3
   cols: 3
   dt: d
   data: [ 3.1185883119436671e+03, 0., 6.4602208873535426e+02, 0.,
       3.1850318424594420e+03, 5.1114482548464633e+02, 0., 0., 1. ]
distortion_coefficients: !!opencv-matrix
   rows: 1
   cols: 5
   dt: d
   data: [ -6.5791449521973211e-01, 5.4403764540847064e+01,
       -6.4279442975540306e-04, 7.9620200616266235e-02,
       -6.9328477906337696e+02 ]
avg_reprojection_error: 3.6359747877648290e+00
