%YAML:1.0
calibration_time: "Fri Feb  3 12:01:26 2017"
image_width: 1280
image_height: 1024
flags: 0
camera_matrix: !!opencv-matrix
   rows: 3
   cols: 3
   dt: d
   data: [ 4.0955883320086432e+03, 0., 5.2058712330770845e+02, 0.,
       4.0638077302989886e+03, 4.5998181756739433e+02, 0., 0., 1. ]
distortion_coefficients: !!opencv-matrix
   rows: 1
   cols: 5
   dt: d
   data: [ 5.6686215208719681e-01, -1.0068405781179246e+01,
       1.8146437802482207e-02, 2.9130630109491615e-02,
       -1.3265920764062389e+02 ]
avg_reprojection_error: 3.7430933982838295e+00
