%YAML:1.0
calibration_time: "Fri Dec 16 13:46:32 2016"
image_width: 1280
image_height: 1024
flags: 0
camera_matrix: !!opencv-matrix
   rows: 3
   cols: 3
   dt: d
   data: [ 2.8340055545370847e+03, 0., 6.2165319949556522e+02, 0.,
       2.9864064413557453e+03, 5.1577426869265071e+02, 0., 0., 1. ]
distortion_coefficients: !!opencv-matrix
   rows: 1
   cols: 5
   dt: d
   data: [ -2.2181711529681791e-01, 1.7030217673777631e+01,
       1.0715423825350795e-01, -2.0215417901931362e-02,
       -3.6126003741436926e+02 ]
avg_reprojection_error: 2.7941811267411287e+00
rvecs:
   - !!opencv-matrix
      rows: 3
      cols: 1
      dt: d
      data: [ -2.8001681551470350e+00, 1.1249156824732505e-01,
          6.7487709508246244e-02 ]
   - !!opencv-matrix
      rows: 3
      cols: 1
      dt: d
      data: [ 3.4951182049171701e+00, -3.4579274980484784e-02,
          -1.1351724725048136e-01 ]
   - !!opencv-matrix
      rows: 3
      cols: 1
      dt: d
      data: [ 2.4695915633019365e+00, 2.1942321314917774e+00,
          2.6343745576074956e-01 ]
   - !!opencv-matrix
      rows: 3
      cols: 1
      dt: d
      data: [ -2.7931969107446371e+00, -3.2184590181437489e-01,
          -9.4591021140546294e-02 ]
   - !!opencv-matrix
      rows: 3
      cols: 1
      dt: d
      data: [ -2.7327173906175655e+00, -8.4044161331303358e-01,
          -2.4793038800874564e-02 ]
tvecs:
   - !!opencv-matrix
      rows: 3
      cols: 1
      dt: d
      data: [ 1.4719108185848534e-01, 1.5248417740327225e-01,
          2.5115106100605535e+00 ]
   - !!opencv-matrix
      rows: 3
      cols: 1
      dt: d
      data: [ -1.8528222135325803e-01, 2.6459980904925257e-01,
          2.5682892602883123e+00 ]
   - !!opencv-matrix
      rows: 3
      cols: 1
      dt: d
      data: [ -3.1479843962425974e-01, -2.4466462205399406e-01,
          2.4343872118460754e+00 ]
   - !!opencv-matrix
      rows: 3
      cols: 1
      dt: d
      data: [ 3.4866897898545593e-02, -2.4467812682232481e-02,
          2.4566690394500084e+00 ]
   - !!opencv-matrix
      rows: 3
      cols: 1
      dt: d
      data: [ -5.1883076535869799e-01, -3.4791606063483971e-02,
          2.5095413052553619e+00 ]
