%YAML:1.0
calibration_time: "Sat Feb 25 17:00:59 2017"
image_width: 1280
image_height: 1024
flags: 0
camera_matrix: !!opencv-matrix
   rows: 3
   cols: 3
   dt: d
   data: [ 3.7202973573210106e+03, 0., 6.5320306723409396e+02, 0.,
       3.8178253198632615e+03, 5.8425901280807568e+02, 0., 0., 1. ]
avg_reprojection_error: 3.5603937165603674e+00
