%YAML:1.0
calibration_time: "Tue Jan 31 15:06:48 2017"
image_width: 1280
image_height: 1024
flags: 0
camera_matrix: !!opencv-matrix
   rows: 3
   cols: 3
   dt: d
   data: [ 1.0741150713093998e+03, 0., 6.1814457608892940e+02, 0.,
       1.0702026103614990e+03, 4.1400554032747721e+02, 0., 0., 1. ]
distortion_coefficients: !!opencv-matrix
   rows: 1
   cols: 5
   dt: d
   data: [ 4.2844154849105663e-02, 2.7714802554334417e-01,
       -1.8322926082976178e-02, -8.3239099378752800e-03,
       -1.1503047260314034e+00 ]
avg_reprojection_error: 3.6572480386642940e+00
