%YAML:1.0
calibration_time: "Fri Mar  3 16:04:17 2017"
camera_matrix: !!opencv-matrix
   rows: 3
   cols: 3
   dt: d
   data: [ 2.6378263085383410e+03, 0., 6.7549503702833010e+02, 0.,
       2.6393100755136443e+03, 5.1348295242107145e+02, 0., 0., 1. ]
distortion_coefficients: !!opencv-matrix
   rows: 1
   cols: 5
   dt: d
   data: [ 0., 0., 0., 0., 0. ]
