<?xml version="1.0"?>
<opencv_storage>
<calibration_time>"Wed Mar  1 13:52:09 2017"</calibration_time>
<camera_matrix type_id="opencv-matrix">
  <rows>3</rows>
  <cols>3</cols>
  <dt>d</dt>
  <data>
    2.9738977128120046e+03 0. 6.4555847080771889e+02 0.
    2.9726148335213238e+03 5.1542253680582155e+02 0. 0. 1.</data></camera_matrix>
<distortion_coefficients type_id="opencv-matrix">
  <rows>1</rows>
  <cols>5</cols>
  <dt>d</dt>
  <data>
    0. 0. 0. 0. 0.</data></distortion_coefficients>
<extrinsic_parameters type_id="opencv-matrix">
  <rows>30</rows>
  <cols>6</cols>
  <dt>d</dt>
  <data>
    -5.4822281013119076e-02 1.1946845701057708e-01
    -3.6400004138252007e-02 -5.0493045093577504e-01
    -4.0795030260158488e-01 2.5198504361665548e+00
    -5.8877264156407996e-02 1.0462336660086852e-01
    -4.2375794932874751e-02 -3.4692031315884803e-01
    -4.0938055033852677e-01 2.5040184779752721e+00
    -2.7078663298877821e-02 5.3312252568027442e-02
    -5.5640772613122981e-02 -2.3248689279090415e-01
    -4.0844125827914418e-01 2.5024246302656694e+00
    -6.1203439560076650e-02 8.6623260848503428e-02
    -3.3330469085700386e-02 -1.5732143423684528e-01
    -4.0811252341281240e-01 2.4883792156288314e+00
    -6.0677788081886584e-02 7.4631968726130940e-02
    -9.0173491614026387e-03 4.5863932388665311e-02
    -4.1025803878932177e-01 2.4779286789423893e+00
    -5.9970749282687051e-02 7.6930792809885212e-02
    1.0256466250631528e-02 5.3003372122129633e-02
    -4.0221769157434428e-01 2.4781895095274562e+00
    -5.7091131706610274e-02 6.4744199231439953e-02
    2.7835857050955353e-02 2.8377778615595034e-01
    -3.5679660209577641e-01 2.4725699803765275e+00
    -4.6961681089525691e-02 7.5038783898823694e-02
    5.0338257299847325e-02 2.8166898293537551e-01
    -2.2548769672420080e-01 2.4724293212589603e+00
    -5.9503508690623340e-02 8.0745213635712590e-02
    1.5567243577871525e-02 1.1961722916112852e-01
    -2.1526093050535286e-01 2.4716506392480047e+00
    -4.8523567480491067e-02 7.3436947652056453e-02
    -1.6893865054705699e-02 -7.2323445630509603e-02
    -1.9908956249138152e-01 2.4801713043201428e+00
    -3.5514186192842481e-02 8.6345533776087988e-02
    -5.1988168359163318e-02 -2.5701668927261523e-01
    -1.8929384338339270e-01 2.4931728930661530e+00
    -3.5919920663435433e-02 1.0976140608097085e-01
    -3.6500757889488443e-02 -4.4404732240162303e-01
    -1.5655721477923845e-01 2.5101972309043679e+00
    -2.7208240659228034e-03 1.1582608980671066e-01
    -5.7611551568297115e-02 -4.6176487857778276e-01
    1.7696689468280406e-02 2.5104996068498884e+00 9.2643325899210371e-02
    1.1279017220547240e-01 -4.0277028090153350e-02
    -3.3023486658132217e-01 8.6044509144366280e-04
    2.4875236706453423e+00 -7.0155882369959182e-03
    7.3253639788011110e-02 -8.5412328802028769e-03
    -2.3831677113758765e-01 -7.0841227350943491e-03
    2.4953684148004514e+00 3.6244972395270664e-02 3.0277899846721818e-02
    -2.4446632681557855e-02 -2.2612931805803590e-02
    -2.1901016462904561e-02 2.4744595865907906e+00
    1.6248271396421690e-01 2.7494453837775534e-01
    -1.7205194256289763e-03 1.2035217913705300e-01
    -1.2802618846298330e-02 2.4479814632646235e+00
    4.2782259802451136e-02 8.9774193465730928e-02 7.4592385291139027e-02
    2.6952368793203701e-01 -2.4603136177074558e-02
    2.4700825559695057e+00 -6.9621505468638401e-03
    2.7398315547267141e-02 4.6508572744702263e-02 2.7140475663419755e-01
    1.4053213970717876e-01 2.4580395311363672e+00 4.1995349434655022e-02
    6.6864408131318359e-02 2.9447983045402141e-02 2.7209988974389532e-01
    1.5679628575879623e-01 2.4682557522699393e+00 4.1287966548760040e-02
    6.0013410624517226e-02 1.8783257496185874e-03 7.8939377905816274e-02
    1.6315364575937230e-01 2.4713785411254796e+00 2.3199404595912493e-02
    8.0075941172560991e-02 -7.1523049880888548e-02
    -1.6672349260129501e-01 1.9237273072768180e-01
    2.4898928257770838e+00 -8.5907782078432790e-02
    4.6510424504581788e-02 -9.2857616929352405e-02
    -2.3117040605480885e-01 2.0454687510572520e-01
    2.5097523446033163e+00 1.9676990780861936e-02 9.5224082823904502e-02
    -6.2395066480514308e-02 -3.3471074086649877e-01
    2.0992376210282168e-01 2.5060744291476982e+00
    -2.3011869019768823e-02 1.0956914177893107e-01
    -2.5125900030939709e-02 -4.0814612335991274e-01
    2.2920270343720925e-01 2.5145874849992214e+00 7.9005729164300514e-02
    5.9417880929545697e-02 2.5575640318868626e-02
    -3.7256400810695239e-01 1.0971868862381390e-01
    2.5186859364768734e+00 7.5004074410287530e-02 7.7180429401508127e-02
    -5.1435659820529660e-02 -3.0872352743403886e-01
    2.8364249271840662e-02 2.5008495395389883e+00 9.0847655877038802e-02
    -4.4418625912528417e-02 4.9269809644709337e-03
    -8.4928011900163664e-02 -1.2110867256852940e-01
    2.4684265774674716e+00 -3.4239861262688721e-02
    9.1197057558184177e-02 -1.2627579073884173e-02
    -2.8757625774966766e-01 -2.1173943704193593e-01
    2.4963367823782456e+00 -1.0258109731634070e-01
    -3.0851480123910136e-02 2.4982541629789631e-02
    1.2212238894822192e-01 -1.0396168261987113e-01
    2.4484002158353038e+00</data></extrinsic_parameters>
</opencv_storage>
