%YAML:1.0
calibration_time: "Sat Dec 17 15:51:25 2016"
image_width: 1280
image_height: 1024
flags: 0
camera_matrix: !!opencv-matrix
   rows: 3
   cols: 3
   dt: d
   data: [ 3.3374584525324358e+03, 0., 5.9452830548507370e+02, 0.,
       3.3833899023242852e+03, 4.8905166557032948e+02, 0., 0., 1. ]
distortion_coefficients: !!opencv-matrix
   rows: 1
   cols: 5
   dt: d
   data: [ -1.7571187537742823e+00, 2.5153883363815382e+01,
       1.8494631434759642e-02, -7.5480298962773713e-03,
       -1.6219156695173029e+02 ]
avg_reprojection_error: 4.2914680980017286e+00
