%YAML:1.0
calibration_time: "Tue Feb 14 16:58:47 2017"
image_width: 1280
image_height: 1024
flags: 0
camera_matrix: !!opencv-matrix
   rows: 3
   cols: 3
   dt: d
   data: [ 4.1594444984518868e+03, 0., 6.0459803859995725e+02, 0.,
       4.3178586787366776e+03, 4.0504930002470593e+02, 0., 0., 1. ]
avg_reprojection_error: 3.3916734038488654e+00
