%YAML:1.0
calibration_time: "Fri Feb  3 14:10:11 2017"
image_width: 1280
image_height: 1024
flags: 0
camera_matrix: !!opencv-matrix
   rows: 3
   cols: 3
   dt: d
   data: [ 5.0268976146205514e+03, 0., 6.2025195320126443e+02, 0.,
       4.9577697691029252e+03, 5.3829612463286003e+02, 0., 0., 1. ]
avg_reprojection_error: 3.5374823466973444e+00
