%YAML:1.0
Marker center1: [ 1.20118095e+02, 1.25925995e+02 ]
Marker Corners1:
   - 1.05901436e+02
   - 1.10994652e+02
   - 1.34519135e+02
   - 1.11757446e+02
   - 1.34592468e+02
   - 1.40476639e+02
   - 1.05459351e+02
   - 1.40475204e+02
Tvecs1: [ -4.5333910850428416e-01, -3.3619811980412623e-01,
    2.5659402058558984e+00 ]
Rvecs1: [ 3.2904580688184293e+00, 6.9210215512831852e-03,
    6.1640503531906210e-01 ]
UnityPos1: [ -0.1164383, 0.6515052, 0.3361615 ]