%YAML:1.0
Marker center2: [ 3.49022125e+02, 1.28923950e+02 ]
Marker Corners2:
   - 3.34880219e+02
   - 1.13701950e+02
   - 3.63767944e+02
   - 1.15130211e+02
   - 3.63296997e+02
   - 1.43593582e+02
   - 3.34143311e+02
   - 1.43270096e+02
Tvecs2: [ -2.5640118418035829e-01, -3.3433126805415669e-01,
    2.5714859180234950e+00 ]
Rvecs2: [ 3.3369846630107207e+00, 4.2955458395427241e-02,
    2.6702165096663466e-01 ]
UnityPos2: [ 0.07992923, 0.6529319, 0.3539377 ]