%YAML:1.0
calibration_time: "Fri Feb  3 12:13:28 2017"
image_width: 1280
image_height: 1024
flags: 0
camera_matrix: !!opencv-matrix
   rows: 3
   cols: 3
   dt: d
   data: [ 3.3813446871556198e+03, 0., 6.3177292235104005e+02, 0.,
       3.4125699399489627e+03, 4.9437439653580253e+02, 0., 0., 1. ]
distortion_coefficients: !!opencv-matrix
   rows: 1
   cols: 5
   dt: d
   data: [ -1.0071977129295071e+00, 2.5734378080751945e+01,
       -5.0113530315898185e-04, -2.2272187099489555e-03,
       -3.6368779921204833e+02 ]
avg_reprojection_error: 3.7870667374939493e+00
