%YAML:1.0
distortion_coefficients: !!opencv-matrix
   rows: 1
   cols: 5
   dt: d
   data: [ -1.0071977129295071e+00, 2.5734378080751945e+01,
       -5.0113530315898185e-04, -2.2272187099489555e-03,
       -3.6368779921204833e+02 ]
