<?xml version="1.0"?>
<opencv_storage>
<calibration_time>"Wed Mar  1 13:47:42 2017"</calibration_time>
<camera_matrix type_id="opencv-matrix">
  <rows>3</rows>
  <cols>3</cols>
  <dt>d</dt>
  <data>
    2.7046742745294450e+03 0. 6.3672566295975446e+02 0.
    2.6927482897705941e+03 4.8677797299756145e+02 0. 0. 1.</data></camera_matrix>
<distortion_coefficients type_id="opencv-matrix">
  <rows>1</rows>
  <cols>5</cols>
  <dt>d</dt>
  <data>
    0. 0. 0. 0. 0.</data></distortion_coefficients>
<extrinsic_parameters type_id="opencv-matrix">
  <rows>20</rows>
  <cols>6</cols>
  <dt>d</dt>
  <data>
    -3.8444366652437653e-02 1.4801960689878085e-01
    7.9988389567327341e-03 -4.5853486049503084e-01
    -3.6232121521023991e-01 2.2961954761258303e+00
    -4.9110480096144715e-02 1.2498188864632390e-01
    1.0691490527842448e-02 -2.7633083239427403e-01
    -3.6472599622427365e-01 2.2745457050561195e+00
    -4.6537571577775903e-02 1.0357698318934135e-01
    8.7540237018427728e-03 -2.0508214935794702e-01
    -3.7276330470375663e-01 2.2713491191924895e+00
    -4.4831085899533579e-02 8.0004756242407313e-02
    3.0416889379711147e-02 -9.5817601563633656e-02
    -3.8092374417209129e-01 2.2634350830837682e+00
    -4.8034644167504151e-02 6.4214392256989161e-02
    4.3378358165573082e-02 1.9200859856383198e-02
    -3.8599570718010823e-01 2.2578585605304355e+00
    -4.2816761993878308e-02 3.8109425540424145e-02
    3.1746167186815354e-02 1.2057296270488642e-01
    -3.8664200473842786e-01 2.2524105355285307e+00
    -3.7408806362418418e-02 2.7498604475666422e-02
    1.8712581158584971e-02 2.5157751744541829e-01
    -3.7232941607579284e-01 2.2507783113084598e+00
    -6.0565834221821893e-03 1.0137617569280749e-02
    1.4687151269398506e-02 2.9590318469413524e-01
    -3.0389619974752069e-01 2.2482116818236815e+00
    1.5238764994838951e-02 1.7559090142289648e-02 1.0230386174418049e-02
    2.7271859073432869e-01 -2.4711043237138994e-01
    2.2493352830432083e+00 6.0536685371164291e-04 4.9307397389318525e-02
    5.7249893473468351e-03 7.0042883005062020e-02
    -2.2059944732398412e-01 2.2517033503215567e+00
    -2.3239682324411953e-02 8.6124682392755086e-02
    1.2448301270585932e-02 -6.5236647634045256e-02
    -2.1340441948777603e-01 2.2544896665352749e+00
    -2.8895465193584970e-02 1.1307046401009414e-01
    8.6265833132548632e-03 -2.1267921228653758e-01
    -2.1918731650671225e-01 2.2640445307703612e+00
    -3.4994755215996702e-02 1.4620930271267235e-01
    -1.5774978409026464e-02 -3.8636767047246495e-01
    -2.0830281659748137e-01 2.2811081957008748e+00
    -3.1038932677487025e-03 1.6399441399282724e-01
    -3.3539684799431257e-02 -4.6199490221794970e-01
    -1.1380380283731398e-01 2.2852214856083553e+00
    -2.9276568083260561e-03 1.7171938567628431e-01
    -3.2526392957256275e-02 -4.2194012611358017e-01
    -2.9113513588529354e-02 2.2641300862227856e+00
    1.0466523903634875e-02 1.1476146784296098e-01
    -3.5171924975744961e-03 -2.3562125747592605e-01
    -1.0105018549240431e-02 2.2677312191562113e+00
    2.4825177864534861e-02 6.8648302916200004e-03
    -9.4790862988485113e-03 1.1747003022536531e-02
    9.6813688531581718e-03 2.2466323169647615e+00 4.4273158458227789e-02
    1.8080657597778875e-03 -1.6870400274944311e-02
    2.4534440863398690e-01 -5.1249553521765306e-03
    2.2430520807863141e+00 5.5480010016395034e-02 3.4972135300708816e-03
    -3.3114795711300681e-02 2.8773943133492463e-01
    1.2282636821156544e-01 2.2500483463341974e+00 5.7804914277071261e-02
    1.4017456043001458e-02 -9.1823468049192468e-03
    1.3872172843663058e-01 1.3380496635290914e-01 2.2505295703718518e+00</data></extrinsic_parameters>
</opencv_storage>
