<?xml version="1.0"?>
<opencv_storage>
<calibration_time>"Fri Feb 24 19:27:58 2017"</calibration_time>
<camera_matrix type_id="opencv-matrix">
  <rows>3</rows>
  <cols>3</cols>
  <dt>d</dt>
  <data>
    9.5518975004872500e+03 0. 6.3938841428617400e+02 0.
    9.6503212230794743e+03 5.1187207785933890e+02 0. 0. 1.</data></camera_matrix>
<distortion_coefficients type_id="opencv-matrix">
  <rows>5</rows>
  <cols>1</cols>
  <dt>d</dt>
  <data>
    -7.3630928320909019e+00 -5.0184794088943595e-03
    4.9500123736862259e-02 -1.0281691088255981e-01
    -1.1722731103120149e-05</data></distortion_coefficients>
<extrinsic_parameters type_id="opencv-matrix">
  <rows>8</rows>
  <cols>6</cols>
  <dt>d</dt>
  <data>
    1.1958084996945441e-01 2.8485478748663820e-02
    -3.9807175884184787e-01 -2.0197505426953222e-01
    3.4320769132948709e-02 8.2521919502883900e+00 1.1984180406231169e-01
    2.8752538921148638e-02 -3.9807973130456775e-01
    -2.0197832177481778e-01 3.4323817849840177e-02
    8.2524062547843844e+00 1.1918333643308629e-01 2.8979352462326025e-02
    -3.9803313979218202e-01 -2.0198661161823608e-01
    3.4324243961730436e-02 8.2528767205595805e+00 1.2055907996239330e-01
    2.8907848748729072e-02 -3.9802108595687680e-01
    -2.0196910423453324e-01 3.4317810397945368e-02
    8.2514735979728435e+00 1.2001044381405618e-01 2.8407820895315222e-02
    -3.9803257968953604e-01 -2.0197620591927301e-01
    3.4323717849619170e-02 8.2522620514611500e+00 1.1850913981644187e-01
    2.8829161767459113e-02 -3.9807133802319206e-01
    -2.0197359486007690e-01 3.4325862155540787e-02
    8.2527394680046324e+00 1.1957271488867423e-01 2.8601860393943301e-02
    -3.9806491965253571e-01 -2.0196875670628486e-01
    3.4321951733992856e-02 8.2518423318687830e+00 1.2106510227055892e-01
    2.8229180496792034e-02 -3.9811123532676990e-01
    -2.0196404374067128e-01 3.4335583225402956e-02
    8.2515524140145935e+00</data></extrinsic_parameters>
</opencv_storage>
