%YAML:1.0
P: !!opencv-matrix
   rows: 3
   cols: 3
   dt: d
   data: [ 2.8745577805734110e+03, 6.1510445015650298e+01,
       9.9696909520752604e+02, -1.7845099617071924e+02,
       2.9368799794031561e+03, 6.6707613393446297e+02,
       -1.1804233526754908e-01, -5.6852175495336194e-02,
       9.9137976438196018e-01 ]
