%YAML:1.0
Marker center1: [ 1.20118095e+02, 1.25925995e+02 ]
Marker Corners1:
   - 1.05901436e+02
   - 1.10994652e+02
   - 1.34519135e+02
   - 1.11757446e+02
   - 1.34592468e+02
   - 1.40476639e+02
   - 1.05459351e+02
   - 1.40475204e+02
Tvecs1: [ -4.5333910850428416e-01, -3.3619811980412623e-01,
    2.5659402058558984e+00 ]
Rvecs1: [ 3.2904580688184293e+00, 6.9210215512831852e-03,
    6.1640503531906210e-01 ]
	

Marker center2: [ 3.49022125e+02, 1.28923950e+02 ]
Marker Corners2:
   - 3.34880219e+02
   - 1.13701950e+02
   - 3.63767944e+02
   - 1.15130211e+02
   - 3.63296997e+02
   - 1.43593582e+02
   - 3.34143311e+02
   - 1.43270096e+02
Tvecs2: [ -2.5640118418035829e-01, -3.3433126805415669e-01,
    2.5714859180234950e+00 ]
Rvecs2: [ 3.3369846630107207e+00, 4.2955458395427241e-02,
    2.6702165096663466e-01 ]

Marker center3: [ 5.90252197e+02, 1.27525932e+02 ]
Marker Corners3:
   - 5.76090454e+02
   - 1.12415413e+02
   - 6.04985168e+02
   - 1.13566750e+02
   - 6.04562256e+02
   - 1.42231461e+02
   - 5.75370789e+02
   - 1.41890106e+02
Tvecs3: [ -4.7567973751631437e-02, -3.3379074642542383e-01,
    2.5579824131236495e+00 ]
Rvecs3: [ 3.1467442406666866e+00, 2.9973792469735094e-02,
    8.9127568815449226e-02 ]

Marker center4: [ 8.37636658e+02,  1.30140182e+02 ]
Marker Corners4:
   - 8.24011230e+02
   - 1.14680084e+02
   - 8.52782532e+02
   - 1.16496460e+02
   - 8.51202271e+02
   - 1.45172470e+02
   - 8.22550537e+02
   - 1.44211746e+02
Tvecs4: [ 1.6598547647016651e-01, -3.3307306787132812e-01,
    2.5698482631354427e+00 ]
Rvecs4: [ -3.0351080592151316e+00, -6.4442465095301049e-02,
    -1.0755395939625219e-01 ]

Marker center5: [ 1.15200818e+03, 1.27144821e+02 ]
Marker Corners5:
   - 1.13899915e+03
   - 1.11714714e+02
   - 1.16674219e+03
   - 1.13523857e+02
   - 1.16513928e+03
   - 1.42297318e+02
   - 1.13715234e+03
   - 1.41043411e+02
Tvecs5: [ 4.3826613026047562e-01, -3.3613708149412969e-01,
    2.5734721691048277e+00 ]
Rvecs5: [ 3.2152968919307243e+00, 6.5084417984811266e-02,
    2.3085579551379698e-01 ]

Marker center6: [ 1.31104401e+02,  4.72882904e+02 ] 
Marker Corners6:
   - 1.16830330e+02
   - 4.57656616e+02
   - 1.45605621e+02
   - 4.59086914e+02
   - 1.45560455e+02
   - 4.87787354e+02
   - 1.16421211e+02
   - 4.87000702e+02
Tvecs6: [ -4.3932277743595666e-01, -3.6350704458339246e-02,
    2.5397227729075578e+00 ]
Rvecs6: [ 2.9692117712323647e+00, 1.6013421508638548e-02,
    5.9650503673456012e-01 ]


Marker center7: [ 3.48133026e+02, 3.50111420e+02 ]
Marker Corners7:
   - 3.33486115e+02
   - 3.35172272e+02
   - 3.62663849e+02
   - 3.35802124e+02
   - 3.62865051e+02
   - 3.64730072e+02
   - 3.33517090e+02
   - 3.64741211e+02
Tvecs7: [ -2.5361476822401519e-01, -1.4103042328759760e-01,
    2.5359765233886069e+00 ]
Rvecs7: [ 3.0981013159550770e+00, -6.1734665745526943e-03,
    3.3943366608463238e-01 ]

Marker center8: [ 5.61011169e+02, 3.45430023e+02 ]
    3.45430023e+02 ]
Marker Corners8:
   - 5.46953857e+02
   - 3.29928314e+02
   - 5.76293152e+02
   - 3.31573944e+02
   - 5.75222412e+02
   - 3.60598633e+02
   - 5.45575134e+02
   - 3.59619202e+02
Tvecs8: [ -7.1604422870014617e-02, -1.4404102319287482e-01,
    2.5187547153320522e+00 ]
Rvecs8: [ 3.0893271355537939e+00, 6.3132297964859099e-02,
    8.0296074054129196e-02 ]

Marker center9: [ 8.09047852e+02, 3.28651154e+02 ]
Marker Corners9:
   - 7.95581726e+02
   - 3.12988281e+02
   - 8.24231567e+02
   - 3.15037384e+02
   - 8.22634277e+02
   - 3.44011963e+02
   - 7.93743774e+02
   - 3.42566986e+02
Tvecs9: [ 1.3952065781013909e-01, -1.5944616458653516e-01,
    2.5377552333627733e+00 ]
Rvecs9: [ 3.1724913284575549e+00, 8.5953694012235710e-02,
    2.1625851534510104e-01 ]

Marker center10: [ 1.14313086e+03, 3.10179138e+02 ]
Marker Corners10:
   - 1.12988916e+03
   - 2.95103271e+02
   - 1.15751819e+03
   - 2.96362213e+02
   - 1.15658984e+03
   - 3.24778015e+02
   - 1.12852661e+03
   - 3.24473114e+02
Tvecs10: [ 4.3109975088991348e-01, -1.7789283052866731e-01,
    2.5765526757043191e+00 ]
Rvecs10: [ 3.2056262593756228e+00, 3.6224526494332568e-02,
    2.3396700558669919e-01 ]

Marker center11: [ 1.60215424e+02, 5.84987793e+02 ]
Marker Corners11:
   - 1.45579529e+02
   - 5.70052673e+02
   - 1.74614838e+02
   - 5.71017517e+02
   - 1.74670746e+02
   - 5.99544128e+02
   - 1.45996582e+02
   - 5.99336792e+02
Tvecs11: [ -4.1536179216061508e-01, 5.9554349411597853e-02,
    2.5452326723970713e+00 ]
Rvecs11: [ -3.2441970171821874e+00, 4.5887449506315852e-03,
    -6.3694230525944662e-01 ]

Marker center12: [ 4.10544861e+02, 5.78250000e+02 ]
Marker Corners12:
   - 3.96465332e+02
   - 5.62880432e+02
   - 4.25630768e+02
   - 5.64570313e+02
   - 4.24603607e+02
   - 5.93314209e+02
   - 3.95479675e+02
   - 5.92235168e+02
Tvecs12: [ -2.0051985299720090e-01, 5.3624216915851008e-02,
    2.5375654403779166e+00 ]
Rvecs12: [ -3.2672263761474576e+00, -6.1639281152975317e-02,
    -3.3270461545651420e-01 ]

Marker center13: [ 6.35935303e+02, 5.79322632e+02 ]
Marker Corners13:
   - 6.22293823e+02
   - 5.63854370e+02
   - 6.51115784e+02
   - 5.65764832e+02
   - 6.49760132e+02
   - 5.94390015e+02
   - 6.20571472e+02
   - 5.93281494e+02
Tvecs13: [ -8.2627332383635212e-03, 5.4920785504625667e-02,
    2.5549382241757681e+00 ]
Rvecs13: [ 3.1220132516582879e+00, 8.3216783701552166e-02,
    1.2088785612956826e-01 ]

Marker center14: [ 8.61216309e+02, 5.73800903e+02 ]
Marker Corners14:
   - 8.47904846e+02
   - 5.58497559e+02
   - 8.76614441e+02
   - 5.60203369e+02
   - 8.74569946e+02
   - 5.88844055e+02
   - 8.45775818e+02
   - 5.87658691e+02
Tvecs14: [ 1.8459325674728941e-01, 4.9995954808392452e-02,
    2.5454341731701944e+00 ]
Rvecs14: [ 3.2461944906262619e+00, 9.4296415357691912e-02,
    1.7810942304120606e-01 ]

Marker center15: [ 1.10550745e+03, 5.54083130e+02 ]
Marker Corners15:
   - 1.09186938e+03
   - 5.39770020e+02
   - 1.11974060e+03
   - 5.39791382e+02
   - 1.11916089e+03
   - 5.68001160e+02
   - 1.09125903e+03
   - 5.68770081e+02
Tvecs15: [ 3.9890725080361134e-01, 3.3549859948243263e-02,
    2.5791656002186980e+00 ]
Rvecs15: [ 3.2394983524893606e+00, -5.6146501089326308e-03,
    2.3559132983719042e-01 ]

Marker center16: [ 1.01288673e+02, 8.15523621e+02 ]
Marker Corners16:
   - 8.67374649e+01
   - 8.00939148e+02
   - 1.15090942e+02
   - 8.02081116e+02
   - 1.15935509e+02
   - 8.29767334e+02
   - 8.73907700e+01
   - 8.29306946e+02
Tvecs16: [ -4.6958019358198683e-01, 2.5902388470091120e-01,
    2.5659266990158831e+00 ]
Rvecs16: [ 2.7031589064500192e+00, -1.4620157959208003e-02,
    6.1443016842938247e-01 ]

Marker center17: [ 3.47348022e+02, 8.18260742e+02 ]
Marker Corners17:
   - 3.33277649e+02
   - 8.03409790e+02
   - 3.62241608e+02
   - 8.04881958e+02
   - 3.61433319e+02
   - 8.32941040e+02
   - 3.32439484e+02
   - 8.31810120e+02
Tvecs17: [ -2.5686748334053927e-01, 2.6095868027190988e-01,
    2.5617288153346389e+00 ]
Rvecs17: [ 2.7732587665704234e+00, 4.1984095494077965e-02,
    2.8643473065808950e-01 ]

Marker center18: [ 5.80934143e+02, 8.12458496e+02 ]
Marker Corners18:
   - 5.67178223e+02
   - 7.97731323e+02
   - 5.95900024e+02
   - 7.99060059e+02
   - 5.94896545e+02
   - 8.26808350e+02
   - 5.65761719e+02
   - 8.26234253e+02
Tvecs18: [ -5.7426875573160154e-02, 2.6405907999321337e-01,
    2.6426279089973939e+00 ]
Rvecs18: [ 2.9465439331518430e+00, 5.3398078398529600e-02,
    -4.3179016447859875e-04 ]

Marker center19: [ 8.21151245e+02, 8.28438843e+02 ]
Marker Corners19:
   - 8.08018677e+02
   - 8.13589722e+02
   - 8.36386841e+02
   - 8.15301819e+02
   - 8.34571167e+02
   - 8.42979797e+02
   - 8.05628540e+02
   - 8.41884094e+02
Tvecs19: [ 1.5810143008216618e-01, 2.8195747257311732e-01,
    2.6776106240232429e+00 ]
Rvecs19: [ 3.0910642331400648e+00, 9.5288211188626279e-02,
    -5.0490471293455165e-02 ]

Marker center20: [ 1.06119714e+03, 8.17088684e+02 ]
Marker Corners20:
   - 1.04831274e+03
   - 8.02598022e+02
   - 1.07631104e+03
   - 8.03847534e+02
   - 1.07425598e+03
   - 8.31081421e+02
   - 1.04590857e+03
   - 8.30827942e+02
